764
754
738
744
744
741
738
735
731
731
731
725
725
735
738
738
738
741
741
741
741
744
741
741
744
748
744
741
741
751
771
784
803
826
852
869
878
885
888
885
878
865
852
839
826
810
793
787
774
764
754
751
751
754
751
751
751
748
748
748
748
748
748
751
741
692
581
424
241
103
110
349
829
1529
2242
2697
2707
2288
1706
1255
967
793
685
630
614
627
659
685
708
721
725
725
731
735
735
738
744
754
757
761
767
777
787
797
803
823
839
856
872
892
911
937
957
977
1003
1032
1062
1088
1117
1140
1176
1202
1228
1251
1277
1300
1320
1330
1346
1356
1349
1343
1330
1310
1281
1248
1212
1173
1127
1085
1045
999
970
937
908
885
862
846
829
813
800
790
777
767