771
761
751
738
731
735
731
725
721
715
721
718
718
718
718
721
721
725
731
748
764
784
807
833
849
859
872
872
869
856
842
833
820
803
787
774
767
751
741
731
738
738
738
735
735
735
735
735
735
738
738
728
708
643
512
345
162
74
159
470
1035
1765
2416
2717
2566
2043
1503
1117
875
728
646
610
600
623
653
682
699
705
712
718
725
721
718
728
738
738
744
751
761
761
774
787
803
813
829
849
869
882
901
924
947
973
996
1022
1045
1078
1104
1127
1160
1186
1215
1238
1261
1284
1304
1313
1323
1330
1327
1313
1300
1281
1248
1212
1170
1134
1091
1049
1013
977
941
908
882
859
839
823
807
790
780
780