725
735
751
771
793
816
829
842
852
852
846
839
829
816
800
787
777
761
744
738
728
725
718
708
715
725
721
728
728
731
725
708
669
587
447
270
123
100
267
672
1294
1987
2494
2599
2282
1739
1277
973
787
669
614
594
600
627
656
682
692
695
695
702
705
702
708
718
725
725
731
741
748
757
767
780
797
803
823
842
862
882
898
921
950
970
996
1026
1055
1088
1107
1137
1170
1196
1215
1242
1268
1291
1300
1317
1327
1323
1317
1304
1284
1261
1228
1179
1147
1107
1068
1026
983
950
921
888
856
836
813
800
784
767
754
744
731
728
721
721
718
712
705
708