731
754
771
790
807
823
829
829
829
826
810
797
787
767
757
741
731
721
712
705
702
702
705
712
705
705
708
692
636
519
368
195
77
123
388
888
1559
2203
2566
2497
2049
1510
1120
869
718
627
584
578
597
620
646
669
679
679
682
685
689
685
692
699
705
708
712
721
728
738
748
761
777
793
813
829
846
869
888
908
934
963
990
1016
1039
1068
1098
1124
1150
1176
1206
1228
1248
1271
1284
1294
1294
1294
1287
1274
1248
1222
1192
1153
1114
1068
1026
986
944
898
865
836
807
780
764
748
731
715
708
705
708
710