856
856
856
852
856
856
849
849
846
849
852
849
849
849
852
849
849
852
852
849
852
852
852
849
856
849
849
852
849
849
849
849
852
852
849
856
852
852
852
852
852
849
852
852
849
852
849
852
852
852
852
856
856
852
856
852
852
852
856
846
852
852
852
852
856
856
856
856
856
856
856
856
852
856
856
856
852
856
852
856
852
852
852
856
852
852
856
856
856
852
856
859
856
856
856
856
856
852
856
856
852
849
852
859
856
852
852
856
852
856
856
856
856
856
856
852
856
852
852
852
852
856
852
856
859
856
859
856
852
856
856
852
852
856
852
856
856
856
856
856
852
856
856
856
856
852
852
852
852
856
852
856
856
856
852
856
852
852
852
856
852
856
852
859
852
856
856
859
856
856
856
856
852
856
856
856
856
859
859
859
859
859
856
856
856
859
856
856
856
859
856
852
859
856
859
856
859
859
856
856
859
859
859
859
856
856
856
856
859
856
859
859
859
856
859
862
856
859
856
862
859
856
862
859
859
859
862
859
856
859
859
859
859
856
859
856
859
856
856
856
859
859
859
856
859
859
856
856
859
859
859
859
856
859
859
859
859
859
859
859
859
859
859
859
859
859
859
862
859
862
859
862
859
859
862
862
859
859
862
862
859
862
862
859
859
862
862
862
859
859
862
859
859
859
859
859
859
862
862
859
862
859
859
862
862
856
859
859
862
859
859
859
862
862
862
859
862
862
862
862
859
862
862
865
862
862
862
862
859
862
862
859
859
862
862
862
859
862
865
865
862
859
862
862
859
859
859
862
862
862
862
865
859
859
862
862
862
862
862
862
862
862
862
862
865
862
862
862
862
862
862
862
862
862
856
859
862
862
862
859
862
862
856
862
862
862
862
862
862
862
865
862
862
865
862
862
862
862
862
862
862
865
862
862
865
865
865
862
865
859
862
865
865
862
865
859
865
862
865
865
862
865
869
865
865
865
865
865
862
862
862
865
865
865
862
862
869
865
862
865
865
869
869
865
865
865
865
862
862
865
862
865
865
865
865
862
862
865
865
869
865
862
865
862
862
856
862
865
865
865
865
865
865
865
865
865
865
862
865
865
862
862
862
869
869
865
865
865
862
862
865
865
869
862
862
865
865
869
865
865
865
856
862
865
865
865
865
862
865
865
865
865
865
865
865
865
865
865
869
869
869
865
865
865
865
862
869
862
865
862
869
869
865
865
862
869
865
865
869
869
869
865
869
865
859
865
869
869
872
869
865
869
872
869
869
865
872
869
869
865
869
869
862
865
869
865
865
865
862
869
869
869
865
869
869
869
872
869
872
865
862
872
872
875
869
869
869
869
865
869
869
869
869
872
869
869
872
869
872
869
869
869
872
869
869
869
869
878
878
878
878
875
878
882
878
875
878
878
878
882
878
875
878
882
895
911
934
954
973
990
999
1009
1013
1016
1006
996
980
970
957
941
931
914
901
892
888
882
878
869
878
875
878
872
878
875
875
875
875
878
872
836
741
604
434
286
260
430
836
1457
2144
2645
2746
2422
1883
1425
1127
941
829
764
751
757
784
810
836
846
852
852
849
859
862
865
865
869
878
885
895
901
908
918
924
937
954
967
986
1003
1022
1039
1058
1075
1104
1127
1153
1170
1206
1235
1261
1284
1310
1333
1356
1382
1399
1408
1418
1428
1425
1425
1415
1392
1369
1343
1304
1268
1228
1189
1153
1117
1081
1045
1016
996
973
957
937
921
914
905
898
892
885
878
865
862
859
856
849
846
846
846
842
842
846
842
846
849
856
856
856
855