833
833
836
833
836
833
833
836
833
833
829
836
833
833
833
833
836
833
836
836
833
836
833
836
833
833
833
836
836
839
836
836
836
836
836
833
836
833
839
836
836
836
836
836
836
836
836
839
836
839
839
839
836
839
839
836
836
836
839
839
839
839
839
836
839
839
839
839
839
842
839
842
842
839
842
842
839
836
836
839
839
842
839
839
842
839
839
833
842
839
839
842
842
842
842
833
839
839
842
833
839
846
842
842
839
842
842
842
836
839
842
842
839
842
842
839
842
842
842
842
842
842
842
842
842
842
842
842
842
842
842
839
846
842
839
839
842
846
839
842
846
846
842
846
842
846
842
846
846
849
842
842
846
846
846
846
846
846
842
839
842
842
842
846
842
846
846
842
842
846
842
842
842
849
846
842
846
849
846
846
846
842
846
846
846
846
846
846
852
846
846
846
846
842
846
846
846
842
849
849
846
842
846
846
846
846
846
846
846
846
849
846
849
846
842
849
846
846
846
846
846
846
846
842
846
846
846
846
846
846
849
849
839
849
849
846
849
849
849
852
852
849
849
849
849
849
849
849
849
846
849
849
846
849
849
846
849
846
849
849
849
849
849
849
852
849
852
849
852
849
849
849
849
849
849
842
849
849
849
852
849
849
849
849
849
849
852
849
849
852
852
852
849
849
849
849
849
849
852
842
849
852
856
852
852
849
852
852
852
856
856
852
849
849
849
849
846
849
852
852
849
849
849
852
852
852
852
852
849
856
852
852
849
852
849
852
852
852
852
852
852
862
852
862
862
869
865
862
859
862
862
862
862
862
852
862
869
882
898
918
937
960
970
986
993
999
999
990
977
967
957
937
924
908
898
885
878
872
869
862
862
862
862
859
865
862
859
862
862
862
865
856
820
725
584
411
267
244
421
836
1464
2154
2648
2733
2403
1856
1405
1107
924
813
754
735
741
767
800
823
836
836
842
842
842
842
846
852
856
862
869
875
882
895
908
921
937
947
967
980
999
1016
1039
1058
1081
1104
1137
1163
1189
1222
1248
1274
1304
1330
1359
1385
1402
1421
1441
1454
1467
1464
1448
1444
1421
1395
1353
1320
1284
1242
1199
1156
1117
1078
1045
1016
990
967
947
931
921
898
892
878
872
865
852
852
849
849
846
836
833
833
833
829
829
829
829
829
829
829
829
829
829
829
830
830
830
830
830
830
830
830
830
829