823
820
823
823
826
826
823
823
826
829
826
823
823
816
820
816
816
823
820
820
820
823
823
823
816
816
820
820
816
820
823
823
820
820
823
826
820
820
823
823
823
820
823
823
820
823
823
826
826
823
823
823
823
820
823
823
829
826
823
823
826
823
823
823
826
820
823
820
826
820
826
823
826
826
823
820
823
826
826
820
823
826
823
823
823
826
826
826
823
823
826
829
823
826
826
826
823
820
826
829
826
823
823
829
826
823
823
829
829
826
823
829
826
823
826
833
829
826
829
820
829
826
829
833
829
826
826
826
829
829
829
826
829
833
826
826
829
829
829
826
829
826
829
816
826
833
829
823
829
829
833
829
829
829
833
829
829
829
833
833
829
829
829
833
833
829
833
833
829
829
836
836
833
833
833
829
833
829
833
829
836
829
829
833
833
829
829
829
833
836
829
829
833
833
829
829
833
833
829
829
829
833
833
833
833
836
833
829
833
836
833
833
833
836
836
833
833
833
836
833
833
833
836
836
833
833
829
836
833
833
839
846
846
842
842
846
842
846
839
842
842
842
842
842
842
846
852
869
888
908
928
947
963
970
967
977
980
970
957
941
934
921
901
885
875
865
856
846
842
846
842
842
846
846
846
846
839
846
846
842
846
829
774
659
506
332
214
257
515
1013
1693
2357
2733
2668
2223
1680
1274
1016
862
774
728
715
731
764
793
810
816
823
823
823
826
833
839
842
839
849
859
865
872
878
882
901
911
924
941
960
977
993
1016
1035
1062
1085
1107
1134
1160
1189
1212
1242
1268
1287
1310
1333
1359
1379
1389
1399
1408
1402
1392
1379
1359
1330
1297
1261
1225
1189
1147
1107
1075
1042
1009
983
960
941
924
905
892
885
878
869
859
852
849
836
829
829
829
820
816
816
810
810
809
811