810
807
807
807
803
797
797
800
800
803
793
803
810
810
807
803
807
813
810
810
807
803
800
803
807
807
803
803
803
807
803
803
807
807
803
803
807
807
807
807
803
807
807
803
803
807
810
807
807
807
810
803
807
807
810
810
807
807
810
810
807
807
807
810
810
807
810
810
810
807
810
810
813
810
810
810
810
813
807
807
813
813
810
810
810
813
810
810
810
813
807
810
813
813
810
810
813
813
813
813
816
820
816
810
813
810
813
816
810
816
816
813
813
813
816
820
813
810
813
813
813
813
820
816
816
813
813
816
816
813
813
816
816
816
813
816
816
807
810
816
820
816
816
816
816
816
813
816
816
820
816
810
820
816
816
816
816
816
816
816
816
823
829
826
826
829
833
833
829
829
829
826
826
826
823
823
826
839
856
869
875
901
928
947
954
963
967
967
960
937
931
918
901
888
878
865
852
846
842
836
833
836
829
833
833
826
826
829
829
833
833
826
816
767
656
499
319
192
218
460
957
1641
2321
2733
2707
2275
1716
1287
1019
859
761
712
699
715
744
767
787
800
800
803
807
810
816
823
823
826
829
842
849
852
869
878
885
898
914
934
950
967
986
1013
1026
1045
1071
1101
1127
1153
1179
1212
1242
1264
1287
1310
1336
1353
1372
1385
1402
1408
1405
1395
1379
1366
1336
1304
1264
1225
1186
1147
1107
1071
1032
1003
973
954
931
911
895
882
872
865
852
846
839
829
820
813
813