780
790
787
784
784
787
790
793
797
793
797
797
793
787
797
793
793
797
790
790
790
790
787
793
790
790
793
790
790
793
793
790
790
793
793
797
797
793
790
793
797
793
793
793
797
800
793
793
793
797
797
793
793
797
793
793
797
800
797
793
800
800
793
793
793
797
793
797
797
797
797
793
797
797
800
793
793
797
797
793
793
800
797
793
797
790
800
800
800
797
797
800
797
797
800
800
803
800
797
800
800
800
800
800
800
797
797
807
813
810
810
810
813
816
816
813
813
813
810
810
810
807
810
820
833
849
865
888
908
928
937
950
954
950
944
924
914
901
895
878
862
856
846
833
823
820
820
820
816
816
816
816
816
810
813
816
816
820
810
764
669
522
349
208
192
378
803
1448
2148
2635
2713
2370
1814
1353
1055
872
771
712
685
695
728
751
767
780
780
790
793
797
800
800
807
813
810
823
829
839
849
859
872
885
901
918
934
954
973
999
1022
1042
1065
1091
1124
1153
1179
1206
1235
1261
1294
1317
1346
1369
1389
1405
1418
1428
1428
1421
1402
1379
1356
1323
1284
1238
1199
1156
1114
1075
1039
1003
973
950
928
908
888
875
862
849
836
829
820
807
807
797
803
797
780
780