784
784
780
777
774
774
774
774
771
774
780
784
780
780
780
784
777
780
780
784
780
774
774
774
777
777
777
777
777
777
777
777
774
777
774
774
780
777
777
774
774
777
780
777
780
780
780
774
777
780
780
777
780
780
780
780
780
774
780
780
780
774
780
780
777
780
784
780
780
780
780
780
780
784
790
793
790
790
797
797
797
793
790
793
793
787
787
787
793
797
803
820
839
859
875
898
914
924
928
928
928
918
901
885
872
862
846
833
826
820
807
800
797
800
797
797
793
793
793
793
790
793
800
800
784
764
689
558
385
221
156
277
623
1209
1915
2504
2720
2494
1968
1461
1114
898
777
705
672
669
692
725
748
761
771
774
777
777
780
780
790
793
797
803
813
820
826
836
852
865
878
892
911
928
947
970
990
1016
1039
1055
1094
1120
1150
1166
1202
1235
1261
1287
1310
1336
1359
1372
1389
1399
1408
1399
1385
1366
1346
1310
1271
1232
1192
1153
1107
1068
1029
996
967
937
914
895
872
859
846
836
826
813
807
797
793
790
790