774
774
771
767
764
764
761
757
757
761
767
767
767
771
771
771
771
767
771
771
767
771
764
764
764
767
767
764
767
764
764
767
767
764
764
767
767
764
761
767
767
767
767
771
771
767
764
771
777
777
777
777
780
787
784
780
780
780
777
777
777
774
777
784
793
810
833
852
875
898
911
911
921
921
918
895
882
872
865
849
829
820
810
800
793
787
784
787
787
784
787
784
777
780
784
780
780
784
771
744
656
509
329
165
126
283
685
1327
2066
2625
2769
2468
1905
1405
1068
862
741
676
650
650
682
712
735
748
754
757
761
761
764
771
774
777
784
793
800
807
813
826
839
852
865
882
901
918
941
963
983
1009
1026
1058
1085
1117
1143
1170
1199
1235
1258
1277
1307
1330
1356
1376
1385
1395
1399
1389
1376
1356
1333
1300
1261
1219
1176
1137
1085
1052
1016
983
950
921
898
882
865
846
833
823
807
797
790
780
774
774