754
751
751
748
744
748
741
738
741
741
744
751
748
748
751
751
744
751
751
754
748
748
748
751
748
744
754
757
757
754
761
764
764
757
757
761
761
757
757
754
757
757
771
784
803
826
846
865
885
898
905
901
901
888
878
865
852
842
823
803
797
790
777
771
764
764
764
764
767
764
764
764
764
761
764
767
767
748
692
574
407
224
103
146
421
944
1654
2350
2746
2681
2206
1641
1215
944
780
689
630
623
643
679
699
725
735
744
748
744
748
748
754
757
764
771
774
784
790
800
810
823
836
852
869
888
905
924
941
970
996
1019
1045
1071
1098
1127
1147
1183
1212
1235
1258
1284
1307
1327
1343
1349
1356
1356
1343
1327
1307
1281
1242
1206
1170
1130
1088
1045
1013
977
941
914
892
869
849
833
820
810
800
787
780
754
751
750
750